Scanning...
I2C device found at address 0x49  !
done

I2C scan done
AS72651 Device Type = 0x40 should be 0x40
 
AS72651 HW Version = 0x41 should be 0x41
 
AS72651 FW Major Version = 0xC 
AS72651 FW Patch Version = 0x0 
AS72651 FW Build Version = 0x0 
attaching interrupt to myIntHandler()...done

610,14.33
680,1.97
730,0.84
760,0.86
810,0.85
860,0.00
560,6.97
585,1.91
645,2.05
705,0.36
900,0.00
940,0.00
410,1.91
435,3.64
460,3.74
485,5.72
510,3.20
535,4.30
 
Temperature of device 0 is 28 C
Temperature of device 1 is 29 C
Temperature of device 2 is 28 C
 
610,14.33
680,1.97
730,0.84
760,0.86
810,0.85
860,0.00
560,6.97
585,1.91
645,2.05
705,0.36
900,0.00
940,0.00
410,1.91
435,3.64
460,3.74
485,5.72
510,3.20
535,4.30
 
Temperature of device 0 is 29 C
Temperature of device 1 is 29 C
Temperature of device 2 is 28 C
 
610,14.33
680,1.97
730,0.84
760,0.86
810,0.85
860,0.00
560,6.97
585,1.91
645,2.05
705,0.36
900,0.00
940,0.00
410,1.91
435,3.64
460,3.74
485,5.72
510,3.20
535,4.30
 
Temperature of device 0 is 28 C
Temperature of device 1 is 29 C
Temperature of device 2 is 28 C
 
610,14.33
680,1.97
730,0.84
760,0.86
810,0.85
860,0.00
560,6.97
585,1.91
645,2.05
705,0.36
900,0.00
940,0.00
410,1.91
435,3.64
460,3.74
485,5.72
510,3.20
535,4.30
 
Temperature of device 0 is 29 C
Temperature of device 1 is 29 C
Temperature of device 2 is 28 C
 
610,14.33
680,1.97
730,0.84
760,0.86
810,0.85
860,0.00
560,6.97
585,1.91
645,2.46
705,0.36
900,0.00
940,0.00
410,1.91
435,3.64
460,3.74
485,5.72
510,3.20
535,4.30
 
Temperature of device 0 is 29 C
Temperature of device 1 is 29 C
Temperature of device 2 is 28 C
 
610,14.33
680,1.97
730,0.84
760,0.86
810,0.85
860,0.00
560,6.97
585,1.91
645,2.05
705,0.36
900,0.00
940,0.00
410,1.91
435,3.64
460,3.74
485,5.72
510,3.20
535,4.30
 
Temperature of device 0 is 29 C
Temperature of device 1 is 30 C
Temperature of device 2 is 28 C
 
610,14.33
680,1.97
730,0.84
760,0.86
810,0.85
860,0.00
560,6.97
585,1.91
645,2.46
705,0.36
900,0.00
940,0.00
410,1.91
435,3.64
460,3.74
485,5.72
510,3.20
535,4.30
 
Temperature of device 0 is 29 C
Temperature of device 1 is 29 C
Temperature of device 2 is 28 C
 
610,14.33
680,1.97
730,0.84
760,0.86
810,0.85
860,0.00
560,6.97
585,1.91
645,2.05
705,0.36
900,0.00
940,0.00
410,1.91
435,3.64
460,3.74
485,5.72
510,3.20
535,4.30
 
Temperature of device 0 is 29 C
Temperature of device 1 is 29 C
Temperature of device 2 is 28 C
 
610,936.16
680,770.57
730,205.30
760,102.22
810,77.71
860,54.35
560,175.23
585,174.63
645,427.64
705,210.04
900,14.87
940,16.97
410,23.90
435,95.48
460,337.39
485,252.50
510,357.19
535,342.38
 
Temperature of device 0 is 28 C
Temperature of device 1 is 29 C
Temperature of device 2 is 28 C
 
610,1203.00
680,801.04
730,222.13
760,105.65
810,97.35
860,63.80
560,190.66
585,185.60
645,432.55
705,212.55
900,14.87
940,17.86
410,19.12
435,83.66
460,304.68
485,178.18
510,293.92
535,294.39
 
Temperature of device 0 is 29 C
Temperature of device 1 is 30 C
Temperature of device 2 is 28 C
 
610,15.44
680,1.97
730,0.84
760,0.86
810,0.85
860,1.18
560,6.47
585,1.91
645,2.46
705,0.71
900,0.00
940,0.00
410,1.91
435,3.64
460,3.74
485,5.72
510,3.20
535,4.30
 
Temperature of device 0 is 29 C
Temperature of device 1 is 29 C
Temperature of device 2 is 28 C
 
610,14.33
680,1.97
730,0.84
760,0.86
810,0.85
860,0.00
560,6.47
585,1.91
645,2.05
705,0.36
900,0.00
940,0.00
410,1.91
435,3.64
460,3.74
485,5.72
510,3.20
535,4.30
 
Temperature of device 0 is 29 C
Temperature of device 1 is 29 C
Temperature of device 2 is 28 C
 
610,13.23
680,0.98
730,0.84
760,0.86
810,0.85
860,0.00
560,5.48
585,1.91
645,2.05
705,0.36
900,0.00
940,0.00
410,0.96
435,2.73
460,3.74
485,4.76
510,2.40
535,4.30
 
Temperature of device 0 is 29 C
Temperature of device 1 is 29 C
Temperature of device 2 is 28 C
 
610,15.44
680,1.97
730,0.84
760,0.86
810,0.85
860,0.00
560,6.47
585,1.91
645,2.46
705,0.36
900,0.00
940,0.00
410,1.91
435,3.64
460,3.74
485,5.72
510,3.20
535,4.30
 
Temperature of device 0 is 29 C
Temperature of device 1 is 29 C
Temperature of device 2 is 28 C
 
610,15.44
680,1.97
730,0.84
760,0.86
810,0.85
860,0.00
560,6.47
585,1.91
645,2.46
705,0.36
900,0.00
940,0.00
410,1.91
435,3.64
460,3.74
485,5.72
510,3.20
535,4.30
 
Temperature of device 0 is 29 C
Temperature of device 1 is 30 C
Temperature of device 2 is 28 C
 
610,15.44
680,1.97
730,0.84
760,0.86
810,0.85
860,0.00
560,6.97
585,1.91
645,2.46
705,0.36
900,0.00
940,0.00
410,1.91
435,3.64
460,3.74
485,5.72
510,3.20
535,5.01
 
Temperature of device 0 is 29 C
Temperature of device 1 is 29 C
Temperature of device 2 is 28 C
 
610,15.44
680,1.97
730,0.84
760,0.86
810,0.85
860,0.00
560,6.47
585,1.91
645,2.46
705,0.36
900,0.00
940,0.00
410,1.91
435,3.64
460,3.74
485,5.72
510,3.20
535,4.30
 
Temperature of device 0 is 29 C
Temperature of device 1 is 29 C
Temperature of device 2 is 28 C
 
610,15.44
680,1.97
730,0.84
760,0.86
810,0.85
860,0.00
560,6.47
585,1.91
645,2.05
705,0.36
900,0.00
940,0.00
410,1.91
435,3.64
460,3.74
485,5.72
510,3.20
535,4.30
 
Temperature of device 0 is 29 C
Temperature of device 1 is 29 C
Temperature of device 2 is 28 C
 
610,13.23
680,1.97
730,0.84
760,0.86
810,0.85
860,0.00
560,5.97
585,1.91
645,2.05
705,0.36
900,0.00
940,0.00
410,0.96
435,3.64
460,3.74
485,4.76
510,3.20
535,3.58
 
Temperature of device 0 is 29 C
Temperature of device 1 is 29 C
Temperature of device 2 is 28 C
 
610,13.23
680,0.98
730,0.84
760,0.86
810,0.85
860,0.00
560,5.97
585,1.91
645,2.05
705,0.36
900,0.00
940,0.00
410,0.96
435,3.64
460,3.74
485,4.76
510,3.20
535,3.58
 
Temperature of device 0 is 29 C
Temperature of device 1 is 29 C
Temperature of device 2 is 29 C
 
610,14.33
680,0.98
730,0.84
760,0.86
810,0.85
860,0.00
560,6.47
585,1.91
645,2.05
705,0.36
900,0.00
940,0.00
410,0.96
435,3.64
460,3.74
485,5.72
510,3.20
535,4.30
 
Temperature of device 0 is 29 C
Temperature of device 1 is 29 C
Temperature of device 2 is 28 C
 
610,14.33
680,1.97
730,0.84
760,0.86
810,0.85
860,0.00
560,6.47
585,1.91
645,2.46
705,0.36
900,0.00
940,0.00
410,0.96
435,3.64
460,3.74
485,5.72
510,3.20
535,4.30
 
Temperature of device 0 is 29 C
Temperature of device 1 is 29 C
Temperature of device 2 is 28 C
 
610,31.98
680,1.97
730,1.68
760,0.86
810,0.85
860,1.18
560,7.97
585,3.34
645,2.46
705,1.43
900,0.00
940,0.00
410,1.91
435,4.55
460,4.67
485,7.62
510,3.20
535,7.16
 
Temperature of device 0 is 29 C
Temperature of device 1 is 30 C
Temperature of device 2 is 29 C
 
610,17.64
680,1.97
730,0.84
760,0.86
810,0.85
860,1.18
560,7.47
585,2.39
645,2.05
705,0.71
900,0.00
940,0.00
410,1.91
435,4.55
460,3.74
485,5.72
510,3.20
535,5.01
 
Temperature of device 0 is 29 C
Temperature of device 1 is 29 C
Temperature of device 2 is 28 C
 
610,36.39
680,2.95
730,1.68
760,0.86
810,1.71
860,1.18
560,8.46
585,4.29
645,4.50
705,1.79
900,0.00
940,0.00
410,1.91
435,4.55
460,5.61
485,6.67
510,4.00
535,8.60
 
Temperature of device 0 is 29 C
Temperature of device 1 is 29 C
Temperature of device 2 is 28 C
 
610,14.33
680,1.97
730,0.84
760,0.86
810,0.85
860,0.00
560,6.47
585,1.91
645,2.05
705,0.36
900,0.00
940,0.00
410,0.96
435,3.64
460,3.74
485,5.72
510,3.20
535,4.30
 
Temperature of device 0 is 29 C
Temperature of device 1 is 29 C
Temperature of device 2 is 28 C
 
610,17.64
680,1.97
730,0.84
760,0.86
810,0.85
860,0.00
560,6.97
585,2.39
645,2.46
705,0.36
900,0.00
940,0.00
410,1.91
435,3.64
460,3.74
485,5.72
510,3.20
535,5.01
 
Temperature of device 0 is 29 C
Temperature of device 1 is 29 C
Temperature of device 2 is 28 C
 
610,15.44
680,1.97
730,0.84
760,0.86
810,0.85
860,0.00
560,6.97
585,2.39
645,2.46
705,0.36
900,0.00
940,0.00
410,1.91
435,3.64
460,3.74
485,5.72
510,3.20
535,5.01
 
Temperature of device 0 is 29 C
Temperature of device 1 is 29 C
Temperature of device 2 is 28 C
 
610,16.54
680,1.97
730,0.84
760,0.86
810,0.85
860,1.18
560,7.47
585,2.39
645,2.46
705,0.71
900,0.00
940,0.00
410,1.91
435,4.55
460,4.67
485,5.72
510,3.20
535,5.01
 
Temperature of device 0 is 29 C
Temperature of device 1 is 29 C
Temperature of device 2 is 28 C
 
610,15.44
680,2.95
730,0.84
760,0.86
810,0.85
860,1.18
560,6.97
585,2.39
645,2.46
705,0.71
900,0.00
940,0.00
410,1.91
435,4.55
460,3.74
485,5.72
510,3.20
535,5.01
 
Temperature of device 0 is 29 C
Temperature of device 1 is 29 C
Temperature of device 2 is 28 C
 
610,20.95
680,4.91
730,0.84
760,0.86
810,1.71
860,1.18
560,7.47
585,2.86
645,2.86
705,1.79
900,0.00
940,0.00
410,1.91
435,4.55
460,4.67
485,6.67
510,3.20
535,5.73
 
Temperature of device 0 is 29 C
Temperature of device 1 is 29 C
Temperature of device 2 is 29 C
 
610,14.33
680,1.97
730,0.84
760,0.86
810,0.85
860,0.00
560,5.97
585,1.91
645,2.05
705,0.71
900,0.00
940,0.00
410,0.96
435,3.64
460,3.74
485,4.76
510,2.40
535,4.30
 
Temperature of device 0 is 29 C
Temperature of device 1 is 30 C
Temperature of device 2 is 28 C
 
610,15.44
680,1.97
730,0.84
760,0.86
810,1.71
860,1.18
560,5.97
585,2.39
645,1.64
705,1.07
900,0.00
940,0.00
410,0.96
435,3.64
460,3.74
485,3.81
510,2.40
535,5.01
 
Temperature of device 0 is 29 C
Temperature of device 1 is 29 C
Temperature of device 2 is 28 C
 
610,14.33
680,1.97
730,0.84
760,0.86
810,0.85
860,1.18
560,3.98
585,1.91
645,1.23
705,1.07
900,0.00
940,0.00
410,0.96
435,2.73
460,2.80
485,2.86
510,1.60
535,4.30
 
Temperature of device 0 is 29 C
Temperature of device 1 is 29 C
Temperature of device 2 is 28 C
 
610,9.92
680,1.97
730,0.84
760,0.86
810,0.85
860,0.00
560,3.48
585,1.43
645,1.23
705,0.71
900,0.00
940,0.00
410,0.96
435,2.73
460,1.87
485,2.86
510,1.60
535,3.58
 
Temperature of device 0 is 29 C
Temperature of device 1 is 29 C
Temperature of device 2 is 28 C
 
610,13.23
680,1.97
730,0.84
760,0.86
810,0.85
860,0.00
560,3.48
585,1.91
645,1.23
705,0.71
900,0.00
940,0.00
410,0.96
435,2.73
460,1.87
485,3.81
510,1.60
535,4.30
 
Temperature of device 0 is 29 C
Temperature of device 1 is 29 C
Temperature of device 2 is 28 C
 
610,15.44
680,1.97
730,0.84
760,0.86
810,0.85
860,0.00
560,4.48
585,1.91
645,1.64
705,0.71
900,0.00
940,0.00
410,0.96
435,2.73
460,2.80
485,3.81
510,2.40
535,4.30
 
Temperature of device 0 is 29 C
Temperature of device 1 is 29 C
Temperature of device 2 is 28 C
 
610,14.33
680,1.97
730,0.84
760,0.86
810,0.85
860,1.18
560,4.48
585,1.91
645,1.64
705,1.07
900,0.00
940,0.00
410,0.96
435,2.73
460,2.80
485,3.81
510,2.40
535,4.30
 
Temperature of device 0 is 29 C
Temperature of device 1 is 29 C
Temperature of device 2 is 29 C
 
610,12.13
680,1.97
730,0.84
760,0.86
810,0.85
860,1.18
560,3.98
585,1.91
645,1.64
705,0.71
900,0.00
940,0.00
410,0.96
435,2.73
460,2.80
485,3.81
510,2.40
535,4.30
 
Temperature of device 0 is 29 C
Temperature of device 1 is 30 C
Temperature of device 2 is 28 C
 
610,16.54
680,0.98
730,0.84
760,0.86
810,0.85
860,0.00
560,4.98
585,2.39
645,2.46
705,0.36
900,0.00
940,0.00
410,1.91
435,3.64
460,2.80
485,6.67
510,3.20
535,5.73
 
Temperature of device 0 is 29 C
Temperature of device 1 is 29 C
Temperature of device 2 is 29 C
 
610,12.13
680,1.97
730,0.84
760,0.86
810,0.85
860,1.18
560,4.48
585,1.91
645,1.64
705,0.71
900,0.00
940,0.00
410,0.96
435,2.73
460,2.80
485,3.81
510,2.40
535,4.30
 
Temperature of device 0 is 29 C
Temperature of device 1 is 29 C
Temperature of device 2 is 29 C
 
610,11.03
680,1.97
730,0.84
760,0.86
810,0.85
860,1.18
560,3.48
585,1.43
645,1.23
705,0.71
900,0.00
940,0.00
410,0.96
435,2.73
460,2.80
485,3.81
510,1.60
535,3.58
 
Temperature of device 0 is 29 C
Temperature of device 1 is 29 C
Temperature of device 2 is 29 C
 
610,12.13
680,1.97
730,0.84
760,0.86
810,0.85
860,1.18
560,4.48
585,1.91
645,1.64
705,0.71
900,0.00
940,0.00
410,0.96
435,2.73
460,2.80
485,3.81
510,1.60
535,4.30
 
Temperature of device 0 is 29 C
Temperature of device 1 is 29 C
Temperature of device 2 is 29 C
 
610,11.03
680,1.97
730,0.84
760,0.86
810,0.85
860,0.00
560,3.98
585,1.43
645,1.64
705,0.71
900,0.00
940,0.00
410,0.96
435,2.73
460,2.80
485,3.81
510,2.40
535,3.58
 
Temperature of device 0 is 29 C
Temperature of device 1 is 29 C
Temperature of device 2 is 29 C
 
610,11.03
680,1.97
730,0.84
760,0.86
810,0.85
860,0.00
560,3.98
585,1.43
645,1.64
705,0.71
900,0.00
940,0.00
410,0.96
435,2.73
460,2.80
485,3.81
510,2.40
535,3.58
 
Temperature of device 0 is 29 C
Temperature of device 1 is 29 C
Temperature of device 2 is 29 C
 
610,13.23
680,0.98
730,0.84
760,0.86
810,0.85
860,0.00
560,3.98
585,1.91
645,1.64
705,0.36
900,0.00
940,0.00
410,0.96
435,2.73
460,2.80
485,3.81
510,2.40
535,4.30
 
Temperature of device 0 is 29 C
Temperature of device 1 is 29 C
Temperature of device 2 is 28 C
 
610,12.13
680,1.97
730,0.84
760,0.86
810,0.85
860,1.18
560,4.48
585,1.91
645,1.64
705,1.07
900,0.00
940,0.00
410,0.96
435,2.73
460,2.80
485,3.81
510,2.40
535,4.30
 
Temperature of device 0 is 29 C
Temperature of device 1 is 29 C
Temperature of device 2 is 29 C
 
610,13.23
680,1.97
730,0.84
760,0.86
810,0.85
860,1.18
560,4.98
585,1.91
645,1.64
705,0.71
900,0.00
940,0.00
410,0.96
435,2.73
460,2.80
485,3.81
510,2.40
535,4.30
 
Temperature of device 0 is 29 C
Temperature of device 1 is 29 C
Temperature of device 2 is 29 C
 
610,12.13
680,0.98
730,0.84
760,0.86
810,0.85
860,0.00
560,5.48
585,2.39
645,1.64
705,0.36
900,0.00
940,0.00
410,0.96
435,3.64
460,3.74
485,3.81
510,2.40
535,4.30
 
Temperature of device 0 is 29 C
Temperature of device 1 is 29 C
Temperature of device 2 is 29 C
 
610,309.85
680,1.97
730,3.37
760,0.86
810,0.85
860,0.00
560,59.24
585,41.99
645,13.91
705,0.71
900,0.59
940,0.00
410,0.96
435,3.64
460,14.02
485,3.81
510,7.21
535,87.38
 
Temperature of device 0 is 29 C
Temperature of device 1 is 29 C
Temperature of device 2 is 29 C
 
610,130.11
680,0.98
730,3.37
760,0.86
810,0.85
860,0.00
560,8.96
585,18.13
645,25.37
705,0.71
900,0.00
940,0.00
410,0.96
435,3.64
460,3.74
485,2.86
510,4.00
535,60.88
 
Temperature of device 0 is 29 C
Temperature of device 1 is 29 C
Temperature of device 2 is 29 C
 
610,15.44
680,0.98
730,0.84
760,0.00
810,0.85
860,0.00
560,3.98
585,1.43
645,1.23
705,0.36
900,0.00
940,0.00
410,0.96
435,2.73
460,2.80
485,2.86
510,1.60
535,5.01
 
Temperature of device 0 is 29 C
Temperature of device 1 is 29 C
Temperature of device 2 is 29 C
 
610,29.77
680,1.97
730,1.68
760,0.86
810,0.85
860,1.18
560,8.96
585,3.34
645,2.46
705,0.71
900,0.00
940,0.00
410,1.91
435,5.46
460,4.67
485,7.62
510,4.00
535,7.88
 
Temperature of device 0 is 29 C
Temperature of device 1 is 30 C
Temperature of device 2 is 29 C
 
610,27.57
680,6.88
730,6.73
760,5.15
810,2.56
860,1.18
560,14.93
585,8.59
645,9.41
705,1.79
900,0.59
940,6.25
410,51.62
435,28.19
460,8.41
485,292.52
510,20.82
535,16.47
 
Temperature of device 0 is 29 C
Temperature of device 1 is 29 C
Temperature of device 2 is 29 C
 
610,415.70
680,10.81
730,15.15
760,12.03
810,19.64
860,2.36
560,229.00
585,158.41
645,61.79
705,23.93
900,4.76
940,3.57
410,24.85
435,157.32
460,65.42
485,132.45
510,78.48
535,461.28
 
Temperature of device 0 is 30 C
Temperature of device 1 is 30 C
Temperature of device 2 is 28 C
 
610,43.00
680,2.95
730,1.68
760,0.86
810,2.56
860,1.18
560,11.45
585,3.82
645,4.09
705,1.79
900,0.00
940,0.00
410,1.91
435,4.55
460,6.54
485,8.58
510,4.81
535,7.88
 
Temperature of device 0 is 29 C
Temperature of device 1 is 29 C
Temperature of device 2 is 29 C
 
610,38.59
680,14.74
730,5.05
760,5.15
810,4.27
860,2.36
560,16.93
585,8.11
645,22.92
705,2.14
900,1.19
940,1.79
410,43.97
435,18.19
460,10.28
485,356.37
510,48.85
535,80.22
 
Temperature of device 0 is 29 C
Temperature of device 1 is 29 C
Temperature of device 2 is 28 C
 
610,60.65
680,9.83
730,6.73
760,6.87
810,5.98
860,3.54
560,22.40
585,10.50
645,24.96
705,3.57
900,1.19
940,0.89
410,11.47
435,16.37
460,15.89
485,32.40
510,28.83
535,18.62
 
Temperature of device 0 is 29 C
Temperature of device 1 is 29 C
Temperature of device 2 is 28 C
 
610,437.76
680,22.61
730,18.51
760,16.32
810,32.45
860,25.99
560,217.05
585,16.70
645,14.32
705,29.29
900,2.38
940,1.79
410,29.63
435,43.65
460,80.38
485,41.93
510,44.05
535,49.42
 
Temperature of device 0 is 29 C
Temperature of device 1 is 29 C
Temperature of device 2 is 28 C
 
610,163.19
680,71.75
730,246.53
760,192.41
810,34.16
860,31.90
560,85.62
585,191.80
645,256.99
705,21.43
900,71.99
940,62.51
410,775.21
435,506.51
460,247.67
485,978.58
510,836.91
535,217.75
 
Temperature of device 0 is 28 C
Temperature of device 1 is 29 C
Temperature of device 2 is 28 C
 
610,2048.74
680,1494.94
730,1236.85
760,1072.86
810,1441.48
860,853.02
560,946.35
585,838.79
645,727.60
705,453.67
900,274.26
940,217.90
410,1906.96
435,1754.16
460,1696.30
485,2590.80
510,1758.70
535,1323.67
 
Temperature of device 0 is 28 C
Temperature of device 1 is 29 C
Temperature of device 2 is 29 C
 
610,1519.46
680,1012.35
730,1145.14
760,891.62
810,723.30
860,654.53
560,711.38
585,753.86
645,594.60
705,336.14
900,212.39
940,202.72
410,1961.45
435,1903.29
460,2031.82
485,2143.91
510,1856.41
535,1379.53
 
Temperature of device 0 is 29 C
Temperature of device 1 is 29 C
Temperature of device 2 is 28 C
 
610,1433.46
680,888.51
730,972.65
760,738.72
810,702.81
860,650.99
560,671.56
585,677.52
645,544.27
705,310.07
900,191.57
940,158.96
410,1624.02
435,1733.24
460,1883.22
485,1686.54
510,1582.51
535,1283.55
 
Temperature of device 0 is 28 C
Temperature of device 1 is 29 C
Temperature of device 2 is 28 C
 
610,1355.17
680,792.19
730,915.44
760,673.44
810,619.97
860,539.93
560,647.16
585,661.30
645,519.71
705,281.49
900,170.15
940,151.82
410,1599.17
435,1693.23
460,1779.48
485,1607.46
510,1477.60
535,1219.09
 
Temperature of device 0 is 28 C
Temperature of device 1 is 29 C
Temperature of device 2 is 28 C
 
610,1204.10
680,832.49
730,759.78
760,623.62
810,668.65
860,547.02
560,623.27
585,545.36
645,444.42
705,282.20
900,165.39
940,128.60
410,1745.42
435,1633.21
460,1572.93
485,1794.21
510,1418.33
535,944.76
 
Temperature of device 0 is 29 C
Temperature of device 1 is 29 C
Temperature of device 2 is 28 C
 
610,1325.40
680,883.60
730,634.41
760,587.54
810,554.22
860,486.77
560,556.06
585,511.48
645,359.71
705,278.27
900,157.66
940,116.99
410,1895.49
435,1701.41
460,1552.37
485,1759.91
510,1238.94
535,834.45
 
Temperature of device 0 is 29 C
Temperature of device 1 is 29 C
Temperature of device 2 is 28 C
 
610,1863.49
680,1191.23
730,955.83
760,815.17
810,770.27
860,1404.77
560,576.47
585,562.53
645,471.02
705,543.69
900,201.68
940,143.78
410,1957.62
435,1665.95
460,1524.33
485,1716.08
510,1260.56
535,786.46
 
Temperature of device 0 is 28 C
Temperature of device 1 is 29 C
Temperature of device 2 is 28 C
 
610,1185.36
680,879.67
730,940.68
760,615.88
810,575.57
860,516.30
560,476.41
585,573.03
645,490.66
705,277.56
900,160.04
940,127.70
410,1913.65
435,1655.94
460,1382.27
485,1842.81
510,1214.91
535,946.19
 
Temperature of device 0 is 28 C
Temperature of device 1 is 29 C
Temperature of device 2 is 28 C
 
610,1080.60
680,1389.77
730,1015.56
760,1031.63
810,1084.53
860,704.16
560,622.77
585,604.04
645,452.19
705,323.28
900,230.24
940,120.56
410,2178.43
435,1773.25
460,1637.42
485,1796.12
510,1519.24
535,770.71
 
Temperature of device 0 is 28 C
Temperature of device 1 is 29 C
Temperature of device 2 is 28 C
 
610,971.44
680,861.97
730,657.97
760,608.15
810,562.76
860,505.67
560,432.60
585,456.61
645,361.34
705,256.48
900,162.42
940,119.67
410,1868.73
435,1617.75
460,1271.05
485,1706.55
510,1233.33
535,690.48
 
Temperature of device 0 is 28 C
Temperature of device 1 is 29 C
Temperature of device 2 is 28 C
 
610,2058.66
680,1149.95
730,1648.29
760,1001.56
810,955.58
860,665.17
560,656.62
585,862.17
645,716.96
705,342.22
900,226.67
940,169.68
410,2009.24
435,1643.21
460,1451.43
485,2020.99
510,1504.83
535,1404.60
 
Temperature of device 0 is 28 C
Temperature of device 1 is 29 C
Temperature of device 2 is 28 C
 
610,1777.48
680,780.40
730,965.92
760,619.32
810,1246.78
860,474.95
560,679.02
585,616.92
645,400.63
705,276.49
900,152.30
940,108.95
410,1848.65
435,1619.57
460,1443.02
485,1700.84
510,1248.55
535,1059.36
 
Temperature of device 0 is 28 C
Temperature of device 1 is 29 C
Temperature of device 2 is 28 C
 
610,1291.21
680,687.02
730,631.05
760,585.82
810,972.66
860,682.89
560,668.57
585,515.30
645,319.19
705,349.36
900,142.78
940,88.41
410,1560.94
435,1281.29
460,1251.43
485,1423.56
510,947.43
535,701.94
 
Temperature of device 0 is 28 C
Temperature of device 1 is 28 C
Temperature of device 2 is 28 C
 
610,930.64
680,681.13
730,546.91
760,509.37
810,718.18
860,450.14
560,478.40
585,429.89
645,312.65
705,234.69
900,130.88
940,100.02
410,1701.45
435,1514.08
460,1138.34
485,1628.42
510,1195.69
535,730.59
 
Temperature of device 0 is 28 C
Temperature of device 1 is 28 C
Temperature of device 2 is 28 C
 
610,1854.67
680,625.10
730,1265.46
760,637.36
810,723.30
860,613.18
560,563.03
585,752.43
645,599.10
705,278.27
900,161.82
940,106.27
410,1419.47
435,1022.12
460,820.58
485,1311.12
510,953.83
535,1082.28
 
Temperature of device 0 is 28 C
Temperature of device 1 is 28 C
Temperature of device 2 is 28 C
 
610,2423.64
680,715.53
730,1392.51
760,1072.00
810,1613.12
860,1292.53
560,1057.37
585,939.94
645,620.38
705,590.84
900,243.33
940,134.85
410,1351.60
435,1143.07
460,1447.69
485,1293.02
510,1135.63
535,1216.23
 
Temperature of device 0 is 28 C
Temperature of device 1 is 29 C
Temperature of device 2 is 29 C
 
610,1139.05
680,745.01
730,601.60
760,584.10
810,999.98
860,763.23
560,446.04
585,346.39
645,252.90
705,318.64
900,164.20
940,91.98
410,1626.89
435,1184.90
460,1115.91
485,1428.32
510,862.53
535,495.66
 
Temperature of device 0 is 28 C
Temperature of device 1 is 28 C
Temperature of device 2 is 28 C
 
610,690.26
680,717.49
730,500.63
760,479.31
810,560.20
860,562.38
560,530.67
585,509.57
645,237.76
705,325.78
900,117.20
940,130.38
410,2108.65
435,1737.79
460,958.90
485,2074.35
510,858.53
535,970.55
 
Temperature of device 0 is 28 C
Temperature of device 1 is 28 C
Temperature of device 2 is 28 C
 
610,771.86
680,604.46
730,531.76
760,452.68
810,413.32
860,337.90
560,379.34
585,417.49
645,331.47
705,181.11
900,113.63
940,95.55
410,1612.55
435,1491.35
460,1180.40
485,1575.06
510,1144.44
535,855.94
 
Temperature of device 0 is 28 C
Temperature of device 1 is 28 C
Temperature of device 2 is 28 C
 
610,1388.25
680,1333.75
730,1234.33
760,1095.19
810,1041.83
860,695.89
560,747.72
585,690.88
645,440.32
705,296.49
900,226.67
940,131.28
410,2138.28
435,2032.42
460,2357.99
485,2140.10
510,1924.48
535,1584.39
 
Temperature of device 0 is 29 C
Temperature of device 1 is 29 C
Temperature of device 2 is 28 C
 
610,926.23
680,684.08
730,933.95
760,768.78
810,571.30
860,486.77
560,500.31
585,425.12
645,248.81
705,239.34
900,204.66
940,199.15
410,1479.69
435,1436.79
460,1550.50
485,1095.78
510,931.41
535,797.92
 
Temperature of device 0 is 28 C
Temperature of device 1 is 28 C
Temperature of device 2 is 28 C
 
610,795.02
680,912.10
730,1530.50
760,1540.14
810,1632.77
860,1060.96
560,474.42
585,482.37
645,295.46
705,281.49
900,474.75
940,249.16
410,1149.91
435,994.84
460,1310.31
485,901.40
510,978.66
535,718.42
 
Temperature of device 0 is 28 C
Temperature of device 1 is 29 C
Temperature of device 2 is 28 C
 
610,5940.02
680,3544.22
730,6242.31
760,4671.10
810,4356.03
860,4053.62
560,2186.42
585,2209.10
645,2191.39
705,1374.22
900,1360.01
940,1237.74
410,2458.50
435,2669.88
460,4553.37
485,3619.87
510,4035.57
535,4832.67
 
Temperature of device 0 is 28 C
Temperature of device 1 is 29 C
Temperature of device 2 is 28 C
 
610,9328.49
680,4018.94
730,5280.60
760,4506.18
810,6192.89
860,5567.08
560,3606.69
585,2967.73
645,2005.19
705,1852.90
900,1656.28
940,983.23
410,3341.72
435,3916.61
460,7721.66
485,3420.73
510,3930.65
535,3765.43
 
Temperature of device 0 is 28 C
Temperature of device 1 is 29 C
Temperature of device 2 is 29 C
 
610,ovf
680,30742.11
730,ovf
760,ovf
810,ovf
860,ovf
560,ovf
585,ovf
645,ovf
705,ovf
900,ovf
940,7488.97
410,2869.52
435,ovf
460,ovf
485,2355.44
510,ovf
535,ovf
 
Temperature of device 0 is 28 C
Temperature of device 1 is 29 C
Temperature of device 2 is 28 C
 
610,10050.73
680,ovf
730,6930.57
760,ovf
810,ovf
860,ovf
560,ovf
585,ovf
645,3063.03
705,ovf
900,ovf
940,2424.58
410,ovf
435,ovf
460,ovf
485,3927.64
510,10904.60
535,7566.67
 
Temperature of device 0 is 29 C
Temperature of device 1 is 29 C
Temperature of device 2 is 28 C
 
610,ovf
680,22578.42
730,ovf
760,ovf
810,ovf
860,32569.56
560,ovf
585,ovf
645,13769.12
705,ovf
900,ovf
940,2302.24
410,2094.31
435,33509.92
460,ovf
485,2303.04
510,ovf
535,ovf
 
Temperature of device 0 is 29 C
Temperature of device 1 is 29 C
Temperature of device 2 is 29 C
 
610,13186.69
680,4188.98
730,7470.75
760,5714.75
810,7625.83
860,4973.99
560,4668.04
585,11958.70
645,4297.66
705,2374.44
900,3450.58
940,1962.89
410,3272.90
435,4260.35
460,6297.33
485,3453.12
510,6258.77
535,8160.46
 
Temperature of device 0 is 29 C
Temperature of device 1 is 30 C
Temperature of device 2 is 29 C
 
610,12874.64
680,4247.95
730,8344.96
760,6161.42
810,8282.53
860,5112.22
560,5307.24
585,10668.55
645,5450.44
705,2497.32
900,4088.94
940,2103.09
410,3259.52
435,4662.29
460,6715.09
485,3374.04
510,6898.67
535,9269.24
 
Temperature of device 0 is 29 C
Temperature of device 1 is 30 C
Temperature of device 2 is 29 C
 
610,10358.37
680,4053.34
730,7243.57
760,5490.56
810,7364.52
860,4600.64
560,4540.10
585,12147.64
645,4172.03
705,2136.17
900,3364.32
940,1858.40
410,3110.40
435,4224.89
460,6081.43
485,3279.71
510,6079.38
535,7965.63
 
Temperature of device 0 is 29 C
Temperature of device 1 is 30 C
Temperature of device 2 is 29 C
 
610,7693.25
680,4118.21
730,8644.50
760,6193.20
810,5913.65
860,4348.99
560,3046.65
585,4104.72
645,4934.41
705,1841.82
900,3018.66
940,2546.93
410,2971.80
435,3504.67
460,5998.26
485,4364.05
510,8100.77
535,7411.24
 
Temperature of device 0 is 30 C
Temperature of device 1 is 30 C
Temperature of device 2 is 30 C
 
610,8994.38
680,4677.46
730,14843.06
760,7345.95
810,6490.07
860,4677.44
560,3186.53
585,4645.78
645,6817.65
705,2065.08
900,2930.61
940,3538.20
410,3443.04
435,4390.39
460,6335.65
485,4904.31
510,10884.58
535,7415.54
 
Temperature of device 0 is 30 C
Temperature of device 1 is 30 C
Temperature of device 2 is 30 C
 
610,8827.88
680,4481.87
730,13202.33
760,7151.82
810,6601.94
860,4897.19
560,3504.64
585,5237.89
645,6610.17
705,2173.68
900,3270.91
940,3486.40
410,3382.82
435,4225.80
460,6687.05
485,4693.73
510,9539.12
535,8062.33
 
Temperature of device 0 is 30 C
Temperature of device 1 is 31 C
Temperature of device 2 is 30 C
 
610,9090.31
680,4440.59
730,13999.14
760,7314.16
810,6920.47
860,5014.16
560,3735.13
585,6011.32
645,10575.13
705,2262.98
900,3141.22
940,3586.42
410,3332.16
435,4620.46
460,6895.47
485,4619.41
510,9845.05
535,8621.74
 
Temperature of device 0 is 30 C
Temperature of device 1 is 31 C
Temperature of device 2 is 30 C
 
610,10846.85
680,4377.69
730,12841.38
760,6945.66
810,7589.11
860,5126.39
560,4182.67
585,7017.10
645,6827.47
705,2322.64
900,3514.24
940,2952.37
410,3356.06
435,4504.06
460,6985.19
485,4213.50
510,8069.53
535,9159.65
 
Temperature of device 0 is 30 C
Temperature of device 1 is 31 C
Temperature of device 2 is 30 C
 
610,10065.06
680,3922.62
730,6606.64
760,5517.19
810,6945.23
860,4849.93
560,3558.90
585,8710.90
645,3501.31
705,1989.35
900,2690.26
940,2031.65
410,2647.76
435,3255.51
460,5158.05
485,3776.14
510,5553.21
535,7441.32
 
Temperature of device 0 is 30 C
Temperature of device 1 is 31 C
Temperature of device 2 is 30 C
 
610,4095.27
680,2135.77
730,3629.78
760,3037.33
810,3671.16
860,3023.38
560,1334.65
585,1908.51
645,1415.91
705,890.19
900,1126.79
940,786.76
410,1624.02
435,1689.59
460,2594.45
485,2024.80
510,2165.54
535,2671.68
 
Temperature of device 0 is 31 C
Temperature of device 1 is 31 C
Temperature of device 2 is 31 C
 
610,7532.26
680,2897.49
730,5203.19
760,4346.41
810,5212.55
860,3799.60
560,2581.19
585,5711.68
645,2723.79
705,1493.18
900,2097.12
940,1590.49
410,2130.63
435,2568.94
460,3958.96
485,2823.29
510,4296.65
535,5327.61
 
Temperature of device 0 is 31 C
Temperature of device 1 is 31 C
Temperature of device 2 is 31 C
 
610,8766.13
680,3247.39
730,5575.09
760,4648.77
810,5812.03
860,4265.10
560,2853.49
585,8163.63
645,3009.01
705,1704.29
900,2339.26
940,1735.16
410,2404.01
435,2933.60
460,4622.53
485,3255.88
510,4704.29
535,6179.26
 
Temperature of device 0 is 31 C
Temperature of device 1 is 32 C
Temperature of device 2 is 31 C
 
610,5312.61
680,2923.05
730,3507.78
760,3453.08
810,4277.47
860,3634.20
560,1757.80
585,1804.97
645,1291.10
705,1163.82
900,1006.02
940,711.75
410,2709.89
435,2741.72
460,3799.14
485,2838.54
510,2757.38
535,3001.89
 
Temperature of device 0 is 31 C
Temperature of device 1 is 32 C
Temperature of device 2 is 31 C
 
610,2978.28
680,537.63
730,663.86
760,741.29
810,1186.15
860,2927.68
560,512.25
585,560.15
645,312.24
705,311.50
900,264.15
940,143.78
410,1598.21
435,1434.06
460,1158.90
485,1537.90
510,1053.14
535,1120.96
 
Temperature of device 0 is 31 C
Temperature of device 1 is 32 C
Temperature of device 2 is 31 C
 
610,1338.63
680,884.58
730,657.13
760,655.40
810,789.91
860,974.71
560,710.88
585,568.26
645,347.02
705,330.78
900,174.91
940,144.67
410,1730.13
435,1848.73
460,2033.69
485,1556.96
510,1228.53
535,1179.70
 
Temperature of device 0 is 31 C
Temperature of device 1 is 31 C
Temperature of device 2 is 31 C
 
610,3068.70
680,656.56
730,632.73
760,523.97
810,577.27
860,1753.30
560,616.80
585,517.68
645,330.65
705,485.46
900,121.37
940,293.81
410,1409.91
435,1483.17
460,1681.34
485,1214.88
510,1068.36
535,915.39
 
Temperature of device 0 is 31 C
Temperature of device 1 is 31 C
Temperature of device 2 is 31 C
 
610,1187.56
680,589.72
730,509.04
760,442.37
810,545.68
860,496.22
560,638.20
585,507.19
645,305.69
705,256.13
900,111.25
940,78.59
410,1391.75
435,1518.63
460,1762.65
485,1264.43
510,1079.57
535,981.29
 
Temperature of device 0 is 31 C
Temperature of device 1 is 31 C
Temperature of device 2 is 31 C
 
610,1141.25
680,675.23
730,578.88
760,505.94
810,629.37
860,482.04
560,702.42
585,557.76
645,335.15
705,255.41
900,127.31
940,75.91
410,1395.57
435,1595.02
460,1892.56
485,1260.62
510,1142.84
535,987.74
 
Temperature of device 0 is 30 C
Temperature of device 1 is 32 C
Temperature of device 2 is 30 C
 
610,1431.25
680,751.89
730,709.30
760,574.65
810,695.97
860,560.02
560,760.67
585,652.23
645,421.09
705,299.35
900,149.92
940,94.66
410,1445.28
435,1674.13
460,1986.02
485,1345.42
510,1282.19
535,1151.76
 
Temperature of device 0 is 30 C
Temperature of device 1 is 31 C
Temperature of device 2 is 30 C
 
610,1561.36
680,793.17
730,839.71
760,652.82
810,757.46
860,609.64
560,797.50
585,708.53
645,469.38
705,316.14
900,166.58
940,115.20
410,1533.22
435,1725.97
460,2080.42
485,1450.24
510,1380.69
535,1259.92
 
Temperature of device 0 is 31 C
Temperature of device 1 is 31 C
Temperature of device 2 is 30 C
 
610,1253.72
680,707.66
730,659.65
760,519.68
810,678.04
860,485.58
560,685.50
585,590.21
645,394.90
705,270.06
900,142.78
940,85.73
410,1357.34
435,1575.92
460,1859.85
485,1303.50
510,1224.53
535,1072.97
 
Temperature of device 0 is 30 C
Temperature of device 1 is 31 C
Temperature of device 2 is 30 C
 
610,1355.17
680,688.99
730,667.23
760,530.85
810,654.98
860,505.67
560,728.31
585,620.74
645,399.81
705,282.56
900,141.00
940,87.52
410,1336.31
435,1597.75
460,1923.40
485,1296.83
510,1267.77
535,1104.49
 
Temperature of device 0 is 30 C
Temperature of device 1 is 31 C
Temperature of device 2 is 30 C
 
610,1440.07
680,731.25
730,741.27
760,574.65
810,695.12
860,562.38
560,743.74
585,658.91
645,432.96
705,292.21
900,155.28
940,100.02
410,1343.00
435,1640.49
460,1965.46
485,1364.48
510,1299.81
535,1166.80
 
Temperature of device 0 is 30 C
Temperature of device 1 is 31 C
Temperature of device 2 is 30 C
 
610,1444.48
680,769.58
730,736.22
760,583.24
810,744.65
860,541.11
560,743.74
585,646.98
645,453.42
705,292.21
900,165.98
940,100.02
410,1369.76
435,1625.94
460,2029.01
485,1353.05
510,1335.85
535,1163.94
 
Temperature of device 0 is 30 C
Temperature of device 1 is 30 C
Temperature of device 2 is 30 C
 
610,1249.31
680,718.48
730,668.91
760,560.05
810,662.67
860,544.66
560,778.09
585,658.43
645,394.49
705,299.71
900,143.97
940,92.88
410,1305.72
435,1632.30
460,1922.47
485,1303.50
510,1208.51
535,1152.48
 
Temperature of device 0 is 30 C
Temperature of device 1 is 30 C
Temperature of device 2 is 30 C
 
610,1065.17
680,1175.51
730,558.69
760,565.20
810,598.62
860,942.81
560,590.91
585,503.85
645,335.15
705,324.36
900,173.72
940,82.16
410,785.73
435,1167.62
460,1567.32
485,1009.07
510,1013.10
535,918.97
 
Temperature of device 0 is 29 C
Temperature of device 1 is 30 C
Temperature of device 2 is 30 C
 
610,1437.87
680,994.66
730,975.18
760,814.31
810,883.85
860,602.55
560,785.56
585,712.83
645,484.11
705,300.42
900,197.52
940,211.65
410,1693.80
435,1966.04
460,2118.74
485,1785.64
510,1408.72
535,1664.61
 
Temperature of device 0 is 29 C
Temperature of device 1 is 30 C
Temperature of device 2 is 30 C
 
610,1383.84
680,763.69
730,706.77
760,561.77
810,660.96
860,522.21
560,735.77
585,636.49
645,421.91
705,290.78
900,149.33
940,96.45
410,1313.37
435,1573.19
460,1893.50
485,1338.75
510,1240.54
535,1164.65
 
Temperature of device 0 is 29 C
Temperature of device 1 is 30 C
Temperature of device 2 is 29 C
 
610,1629.73
680,931.76
730,758.10
760,700.92
810,896.65
860,788.04
560,859.23
585,666.55
645,398.17
705,366.86
900,175.50
940,112.52
410,1588.66
435,1824.18
460,2206.59
485,1351.14
510,1281.39
535,1213.36
 
Temperature of device 0 is 29 C
Temperature of device 1 is 31 C
Temperature of device 2 is 30 C
 
610,2081.82
680,1937.23
730,1232.64
760,1460.26
810,1546.52
860,1168.47
560,793.02
585,689.92
645,447.28
705,581.20
900,436.68
940,276.84
410,992.19
435,1103.05
460,1405.64
485,1538.85
510,1300.61
535,1234.13
 
Temperature of device 0 is 29 C
Temperature of device 1 is 30 C
Temperature of device 2 is 29 C
 
610,490.68
680,105.17
730,42.91
760,35.22
810,27.33
860,33.08
560,64.72
585,117.37
645,75.30
705,11.07
900,8.92
940,10.72
410,39.19
435,50.92
460,55.14
485,123.87
510,110.52
535,227.06
 
Temperature of device 0 is 29 C
Temperature of device 1 is 30 C
Temperature of device 2 is 29 C
 
610,476.35
680,58.97
730,7.57
760,7.73
810,65.75
860,21.27
560,114.00
585,12.41
645,10.64
705,16.07
900,1.19
940,0.89
410,6.69
435,18.19
460,20.56
485,18.10
510,14.42
535,50.86
 
Temperature of device 0 is 29 C
Temperature of device 1 is 30 C
Temperature of device 2 is 29 C
 
610,740.99
680,80.60
730,9.26
760,9.45
810,29.89
860,20.08
560,199.62
585,124.05
645,38.88
705,46.44
900,7.14
940,0.89
410,7.65
435,195.51
460,112.15
485,10.48
510,21.62
535,320.17
 
Temperature of device 0 is 29 C
Temperature of device 1 is 30 C
Temperature of device 2 is 29 C
 
610,39.70
680,3.93
730,1.68
760,0.86
810,2.56
860,1.18
560,13.44
585,5.25
645,3.68
705,1.79
900,0.00
940,0.00
410,1.91
435,5.46
460,7.48
485,4.76
510,4.00
535,10.03
 
Temperature of device 0 is 29 C
Temperature of device 1 is 30 C
Temperature of device 2 is 29 C
 
610,15.44
680,2.95
730,0.84
760,0.86
810,1.71
860,1.18
560,7.97
585,1.91
645,2.05
705,0.71
900,0.00
940,0.00
410,6.69
435,5.46
460,4.67
485,5.72
510,3.20
535,4.30
 
Temperature of device 0 is 29 C
Temperature of device 1 is 29 C
Temperature of device 2 is 29 C
 
610,22.05
680,2.95
730,2.52
760,2.58
810,1.71
860,1.18
560,9.96
585,3.82
645,6.55
705,0.71
900,0.00
940,1.79
410,2.87
435,8.18
460,6.54
485,92.43
510,9.61
535,6.45
 
Temperature of device 0 is 29 C
Temperature of device 1 is 29 C
Temperature of device 2 is 30 C
 
610,33.08
680,22.61
730,0.84
760,2.58
810,12.81
860,5.91
560,76.66
585,4.29
645,3.27
705,11.07
900,1.78
940,0.00
410,1.91
435,27.28
460,49.53
485,3.81
510,5.61
535,4.30
 
Temperature of device 0 is 29 C
Temperature of device 1 is 29 C
Temperature of device 2 is 30 C
 
610,180.84
680,1.97
730,0.84
760,0.86
810,1.71
860,1.18
560,10.45
585,4.77
645,3.68
705,1.43
900,0.00
940,0.00
410,1.91
435,3.64
460,5.61
485,2.86
510,4.00
535,5.73
 
Temperature of device 0 is 29 C
Temperature of device 1 is 29 C
Temperature of device 2 is 29 C
 
610,14.33
680,0.98
730,0.84
760,0.00
810,0.85
860,0.00
560,4.48
585,1.43
645,1.64
705,0.36
900,0.00
940,0.00
410,0.96
435,2.73
460,2.80
485,1.91
510,2.40
535,4.30
 
Temperature of device 0 is 29 C
Temperature of device 1 is 29 C
Temperature of device 2 is 29 C
 
610,13.23
680,1.97
730,0.84
760,0.86
810,0.85
860,0.00
560,5.48
585,1.91
645,2.46
705,0.36
900,0.00
940,0.00
410,1.91
435,3.64
460,3.74
485,9.53
510,3.20
535,4.30
 
Temperature of device 0 is 29 C
Temperature of device 1 is 29 C
Temperature of device 2 is 29 C
 
610,16.54
680,1.97
730,4.21
760,3.44
810,1.71
860,1.18
560,6.97
585,8.59
645,18.42
705,0.71
900,0.59
940,2.68
410,1.91
435,6.37
460,3.74
485,120.06
510,32.03
535,20.77
 
Temperature of device 0 is 29 C
Temperature of device 1 is 29 C
Temperature of device 2 is 29 C
 
610,16.54
680,11.79
730,3.37
760,4.29
810,1.71
860,1.18
560,7.47
585,9.54
645,10.23
705,0.71
900,1.78
940,2.68
410,27.72
435,40.01
460,4.67
485,137.21
510,29.63
535,20.77
 
Temperature of device 0 is 29 C
Temperature of device 1 is 30 C
Temperature of device 2 is 29 C
 
610,15.44
680,23.59
730,0.84
760,2.58
810,2.56
860,1.18
560,6.97
585,2.39
645,3.27
705,1.07
900,1.19
940,0.89
410,4.78
435,5.46
460,3.74
485,49.55
510,3.20
535,4.30
 
Temperature of device 0 is 29 C
Temperature of device 1 is 29 C
Temperature of device 2 is 29 C
 
610,16.54
680,1.97
730,0.84
760,0.86
810,0.85
860,0.00
560,6.47
585,1.91
645,2.05
705,0.71
900,0.00
940,0.00
410,0.96
435,4.55
460,3.74
485,3.81
510,3.20
535,5.01
 
Temperature of device 0 is 29 C
Temperature of device 1 is 29 C
Temperature of device 2 is 29 C
 
